NontuftedRS,NontuftedRS,2,3,4,5,6,7,8,9,10,11,12,13,14,15,16,17,18,19,20,21,22,23,24,25,26,27,28,29,30,31,32,33,34,35,36,37,38,39,40,41,42,43,44
NontuftedRS,DeepBasket,5,6,7,8,9,10,18,19,20,21,22,23,31,32,33,34,35,36,44,45,46,47,48,49
NontuftedRS,DeepAxoaxonic,5,6,7,8,9,10,18,19,20,21,22,23,31,32,33,34,35,36,44,45,46,47,48,49
NontuftedRS,TCR,6,7,8,9,10,11,12,13,14,19,20,21,22,23,24,25,26,27,32,33,34,35,36,37,38,39,40,45,46,47,48,49,50,51,52,53,58,59,60,61,62,63,64,65,66,71,72,73,74,75,76,77,78,79,84,85,86,87,88,89,90,91,92,97,98,99,100,101,102,103,104,105,110,111,112,113,114,115,116,117,118,123,124,125,126,127,128,129,130,131
NontuftedRS,SupPyrRS,41,42,43,44
NontuftedRS,TuftedRS,2,3,4,5,6,7,8,9,10,11,12,13,14,15,16,17,18,19,20,21,22,23,24,25,26,27,28,29,30,31,32,33,34,35,36,37,38,39,40,41,42,43,44,45,46,47
NontuftedRS,SupAxoaxonic,5,6,7,8,9,10,18,19,20,21,22,23,31,32,33,34,35,36,44,45,46,47,48,49
NontuftedRS,SupPyrFRB,41,42,43,44
NontuftedRS,TuftedIB,2,3,4,5,6,7,8,9,10,11,12,13,14,15,16,17,18,19,20,21,22,23,24,25,26,27,28,29,30,31,32,33,34,35,36,37,38,39,40,41,42,43,44,45,46,47
NontuftedRS,DeepLTS,5,6,7,8,9,10,18,19,20,21,22,23,31,32,33,34,35,36,44,45,46,47,48,49
NontuftedRS,SpinyStellate,5,6,7,8,9,10,18,19,20,21,22,23,31,32,33,34,35,36,44,45,46,47,48,49
NontuftedRS,SupLTS,5,6,7,8,9,10,18,19,20,21,22,23,31,32,33,34,35,36,44,45,46,47,48,49
NontuftedRS,SupBasket,5,6,7,8,9,10,18,19,20,21,22,23,31,32,33,34,35,36,44,45,46,47,48,49
NontuftedRS,nRT,2,3,4,15,16,17,28,29,30,41,42,43
DeepBasket,DeepBasket,5,6,7,8,9,10,18,19,20,21,22,23,31,32,33,34,35,36,44,45,46,47,48,49
DeepBasket,DeepAxoaxonic,5,6,7,8,9,10,18,19,20,21,22,23,31,32,33,34,35,36,44,45,46,47,48,49
DeepBasket,TuftedRS,1,2,3,4,5,6,35,36
DeepBasket,TuftedIB,1,2,3,4,5,6,35,36
DeepBasket,DeepLTS,5,6,7,8,9,10,18,19,20,21,22,23,31,32,33,34,35,36,44,45,46,47,48,49
DeepBasket,SpinyStellate,1,2,15,28,41
DeepBasket,NontuftedRS,1,2,3,4,5,6,35,36
TCR,NontuftedRS,40,41,42,43,44
TCR,DeepBasket,2,3,4,15,16,17,28,29,30,41,42,43
TCR,DeepAxoaxonic,2,3,4,15,16,17,28,29,30,41,42,43
TCR,SupPyrRS,45,46,47,48,49,50,51,52,53,54,55,56,57,58,59,60,61,62,63,64,65,66,67,68
TCR,TuftedRS,47,48,49,50,51,52,53,54,55
TCR,SupAxoaxonic,2,3,4,15,16,17,28,29,30,41,42,43
TCR,SupPyrFRB,45,46,47,48,49,50,51,52,53,54,55,56,57,58,59,60,61,62,63,64,65,66,67,68
TCR,TuftedIB,47,48,49,50,51,52,53,54,55
TCR,SpinyStellate,2,3,4,5,6,7,8,9,10,11,12,13,14,15,16,17,18,19,20,21,22,23,24,25,26,27,28,29,30,31,32,33,34,35,36,37,38,39,40,41,42,43,44,45,46,47,48,49,50,51,52,53
TCR,SupBasket,2,3,4,15,16,17,28,29,30,41,42,43
TCR,nRT,2,3,4,15,16,17,28,29,30,41,42,43
SupPyrRS,NontuftedRS,38,39,40,41,42,43,44
SupPyrRS,DeepBasket,5,6,7,8,9,10,18,19,20,21,22,23,31,32,33,34,35,36,44,45,46,47,48,49
SupPyrRS,DeepAxoaxonic,5,6,7,8,9,10,18,19,20,21,22,23,31,32,33,34,35,36,44,45,46,47,48,49
SupPyrRS,SupPyrRS,2,3,4,5,6,7,8,9,14,15,16,17,18,19,20,21,26,27,28,29,30,31,32,33,10,11,12,13,22,23,24,25,34,35,36,37
SupPyrRS,TuftedRS,39,40,41,42,43,44,45,46
SupPyrRS,SupAxoaxonic,5,6,7,8,9,10,18,19,20,21,22,23,31,32,33,34,35,36,44,45,46,47,48,49
SupPyrRS,SupPyrFRB,2,3,4,5,6,7,8,9,14,15,16,17,18,19,20,21,26,27,28,29,30,31,32,33,10,11,12,13,22,23,24,25,34,35,36,37
SupPyrRS,TuftedIB,39,40,41,42,43,44,45,46
SupPyrRS,DeepLTS,5,6,7,8,9,10,18,19,20,21,22,23,31,32,33,34,35,36,44,45,46,47,48,49
SupPyrRS,SpinyStellate,5,6,7,8,9,10,18,19,20,21,22,23,31,32,33,34,35,36,44,45,46,47,48,49
SupPyrRS,SupLTS,5,6,7,8,9,10,18,19,20,21,22,23,31,32,33,34,35,36,44,45,46,47,48,49
SupPyrRS,SupBasket,5,6,7,8,9,10,18,19,20,21,22,23,31,32,33,34,35,36,44,45,46,47,48,49
TuftedRS,NontuftedRS,2,3,4,5,6,7,8,9,10,11,12,13,14,15,16,17,18,19,20,21,22,23,24,25,26,27,28,29,30,31,32,33,34,35,36,37,38,39,40,41,42,43,44
TuftedRS,DeepBasket,5,6,7,8,9,10,18,19,20,21,22,23,31,32,33,34,35,36,44,45,46,47,48,49
TuftedRS,DeepAxoaxonic,5,6,7,8,9,10,18,19,20,21,22,23,31,32,33,34,35,36,44,45,46,47,48,49
TuftedRS,SupPyrRS,40,41,42,43,44,45,46,47,48,49,50,51,52
TuftedRS,TuftedRS,2,3,4,5,6,7,8,9,10,11,12,13,14,15,16,17,18,19,20,21,22,23,24,25,26,27,28,29,30,31,32,33,34,35,36,37,38,39,40,41,42,43,44,45,46,47
TuftedRS,SupAxoaxonic,5,6,7,8,9,10,18,19,20,21,22,23,31,32,33,34,35,36,44,45,46,47,48,49
TuftedRS,SupPyrFRB,40,41,42,43,44,45,46,47,48,49,50,51,52
TuftedRS,TuftedIB,2,3,4,5,6,7,8,9,10,11,12,13,14,15,16,17,18,19,20,21,22,23,24,25,26,27,28,29,30,31,32,33,34,35,36,37,38,39,40,41,42,43,44,45,46,47
TuftedRS,DeepLTS,5,6,7,8,9,10,18,19,20,21,22,23,31,32,33,34,35,36,44,45,46,47,48,49
TuftedRS,SpinyStellate,5,6,7,8,9,10,18,19,20,21,22,23,31,32,33,34,35,36,44,45,46,47,48,49
TuftedRS,SupLTS,5,6,7,8,9,10,18,19,20,21,22,23,31,32,33,34,35,36,44,45,46,47,48,49
TuftedRS,SupBasket,5,6,7,8,9,10,18,19,20,21,22,23,31,32,33,34,35,36,44,45,46,47,48,49
SupPyrFRB,NontuftedRS,38,39,40,41,42,43,44
SupPyrFRB,DeepBasket,5,6,7,8,9,10,18,19,20,21,22,23,31,32,33,34,35,36,44,45,46,47,48,49
SupPyrFRB,DeepAxoaxonic,5,6,7,8,9,10,18,19,20,21,22,23,31,32,33,34,35,36,44,45,46,47,48,49
SupPyrFRB,SupPyrRS,2,3,4,5,6,7,8,9,14,15,16,17,18,19,20,21,26,27,28,29,30,31,32,33,10,11,12,13,22,23,24,25,34,35,36,37
SupPyrFRB,TuftedRS,39,40,41,42,43,44,45,46
SupPyrFRB,SupAxoaxonic,5,6,7,8,9,10,18,19,20,21,22,23,31,32,33,34,35,36,44,45,46,47,48,49
SupPyrFRB,SupPyrFRB,2,3,4,5,6,7,8,9,14,15,16,17,18,19,20,21,26,27,28,29,30,31,32,33,10,11,12,13,22,23,24,25,34,35,36,37
SupPyrFRB,TuftedIB,39,40,41,42,43,44,45,46
SupPyrFRB,DeepLTS,5,6,7,8,9,10,18,19,20,21,22,23,31,32,33,34,35,36,44,45,46,47,48,49
SupPyrFRB,SpinyStellate,5,6,7,8,9,10,18,19,20,21,22,23,31,32,33,34,35,36,44,45,46,47,48,49
SupPyrFRB,SupLTS,5,6,7,8,9,10,18,19,20,21,22,23,31,32,33,34,35,36,44,45,46,47,48,49
SupPyrFRB,SupBasket,5,6,7,8,9,10,18,19,20,21,22,23,31,32,33,34,35,36,44,45,46,47,48,49
TuftedIB,NontuftedRS,2,3,4,5,6,7,8,9,10,11,12,13,14,15,16,17,18,19,20,21,22,23,24,25,26,27,28,29,30,31,32,33,34,35,36,37,38,39,40,41,42,43,44
TuftedIB,DeepBasket,5,6,7,8,9,10,18,19,20,21,22,23,31,32,33,34,35,36,44,45,46,47,48,49
TuftedIB,DeepAxoaxonic,5,6,7,8,9,10,18,19,20,21,22,23,31,32,33,34,35,36,44,45,46,47,48,49
TuftedIB,SupPyrRS,40,41,42,43,44,45,46,47,48,49,50,51,52
TuftedIB,TuftedRS,2,3,4,5,6,7,8,9,10,11,12,13,14,15,16,17,18,19,20,21,22,23,24,25,26,27,28,29,30,31,32,33,34,35,36,37,38,39,40,41,42,43,44,45,46,47
TuftedIB,SupAxoaxonic,5,6,7,8,9,10,18,19,20,21,22,23,31,32,33,34,35,36,44,45,46,47,48,49
TuftedIB,SupPyrFRB,40,41,42,43,44,45,46,47,48,49,50,51,52
TuftedIB,TuftedIB,2,3,4,5,6,7,8,9,10,11,12,13,14,15,16,17,18,19,20,21,22,23,24,25,26,27,28,29,30,31,32,33,34,35,36,37,38,39,40,41,42,43,44,45,46,47
TuftedIB,DeepLTS,5,6,7,8,9,10,18,19,20,21,22,23,31,32,33,34,35,36,44,45,46,47,48,49
TuftedIB,SpinyStellate,5,6,7,8,9,10,18,19,20,21,22,23,31,32,33,34,35,36,44,45,46,47,48,49
TuftedIB,SupLTS,5,6,7,8,9,10,18,19,20,21,22,23,31,32,33,34,35,36,44,45,46,47,48,49
TuftedIB,SupBasket,5,6,7,8,9,10,18,19,20,21,22,23,31,32,33,34,35,36,44,45,46,47,48,49
DeepLTS,NontuftedRS,13,14,15,16,17,18,19,20,21,22,23,24,25,26,27,28,29,30,31,32,33,34,38,39,40,41,42,43,44
DeepLTS,DeepBasket,5,6,7,8,9,10,11,12,13,14,18,19,20,21,22,23,24,25,26,27,31,32,33,34,35,36,37,38,39,40,44,45,46,47,48,49,50,51,52,53
DeepLTS,DeepAxoaxonic,5,6,7,8,9,10,11,12,13,14,18,19,20,21,22,23,24,25,26,27,31,32,33,34,35,36,37,38,39,40,44,45,46,47,48,49,50,51,52,53
DeepLTS,SupPyrRS,14,15,16,17,18,19,20,21,22,23,24,25,26,27,28,29,30,31,32,33,34,35,36,37,40,41,42,43,44,45,46,47,48,49,50,51,52,53,54,55,56,57,58,59,60,61,62,63,64,65,66,67,68
DeepLTS,TuftedRS,13,14,15,16,17,18,19,20,21,22,23,24,25,26,27,28,29,30,31,32,33,34,38,39,40,41,42,43,44,45,46,47,48,49,50,51,52,53,54,55
DeepLTS,SupAxoaxonic,8,9,10,11,12,21,22,23,24,25,34,35,36,37,38,47,48,49,50,51
DeepLTS,SupPyrFRB,14,15,16,17,18,19,20,21,22,23,24,25,26,27,28,29,30,31,32,33,34,35,36,37,40,41,42,43,44,45,46,47,48,49,50,51,52,53,54,55,56,57,58,59,60,61,62,63,64,65,66,67,68
DeepLTS,TuftedIB,13,14,15,16,17,18,19,20,21,22,23,24,25,26,27,28,29,30,31,32,33,34,38,39,40,41,42,43,44,45,46,47,48,49,50,51,52,53,54,55
DeepLTS,DeepLTS,5,6,7,8,9,10,11,12,13,14,18,19,20,21,22,23,24,25,26,27,31,32,33,34,35,36,37,38,39,40,44,45,46,47,48,49,50,51,52,53
DeepLTS,SpinyStellate,5,6,7,8,9,10,11,12,13,14,18,19,20,21,22,23,24,25,26,27,31,32,33,34,35,36,37,38,39,40,44,45,46,47,48,49,50,51,52,53
DeepLTS,SupLTS,8,9,10,11,12,21,22,23,24,25,34,35,36,37,38,47,48,49,50,51
DeepLTS,SupBasket,8,9,10,11,12,21,22,23,24,25,34,35,36,37,38,47,48,49,50,51
SpinyStellate,NontuftedRS,37,38,39,40,41
SpinyStellate,DeepBasket,5,6,7,8,9,10,18,19,20,21,22,23,31,32,33,34,35,36,44,45,46,47,48,49
SpinyStellate,DeepAxoaxonic,5,6,7,8,9,10,18,19,20,21,22,23,31,32,33,34,35,36,44,45,46,47,48,49
SpinyStellate,SupPyrRS,2,3,4,5,6,7,8,9,14,15,16,17,18,19,20,21,26,27,28,29,30,31,32,33
SpinyStellate,TuftedRS,7,8,9,10,11,12,36,37,38,39,40,41
SpinyStellate,SupAxoaxonic,5,6,7,8,9,10,18,19,20,21,22,23,31,32,33,34,35,36,44,45,46,47,48,49
SpinyStellate,SupPyrFRB,2,3,4,5,6,7,8,9,14,15,16,17,18,19,20,21,26,27,28,29,30,31,32,33
SpinyStellate,TuftedIB,7,8,9,10,11,12,36,37,38,39,40,41
SpinyStellate,DeepLTS,5,6,7,8,9,10,18,19,20,21,22,23,31,32,33,34,35,36,44,45,46,47,48,49
SpinyStellate,SpinyStellate,5,6,7,8,9,10,18,19,20,21,22,23,31,32,33,34,35,36,44,45,46,47,48,49
SpinyStellate,SupLTS,5,6,7,8,9,10,18,19,20,21,22,23,31,32,33,34,35,36,44,45,46,47,48,49
SpinyStellate,SupBasket,5,6,7,8,9,10,18,19,20,21,22,23,31,32,33,34,35,36,44,45,46,47,48,49
SupLTS,NontuftedRS,13,14,15,16,17,18,19,20,21,22,23,24,25,26,27,28,29,30,31,32,33,34,38,39,40,41,42,43,44
SupLTS,DeepBasket,8,9,10,11,12,21,22,23,24,25,34,35,36,37,38,47,48,49,50,51
SupLTS,DeepAxoaxonic,8,9,10,11,12,21,22,23,24,25,34,35,36,37,38,47,48,49,50,51
SupLTS,SupPyrRS,14,15,16,17,18,19,20,21,22,23,24,25,26,27,28,29,30,31,32,33,34,35,36,37,40,41,42,43,44,45,46,47,48,49,50,51,52,53,54,55,56,57,58,59,60,61,62,63,64,65,66,67,68
SupLTS,TuftedRS,13,14,15,16,17,18,19,20,21,22,23,24,25,26,27,28,29,30,31,32,33,34,38,39,40,41,42,43,44,45,46,47,48,49,50,51,52,53,54,55
SupLTS,SupAxoaxonic,5,6,7,8,9,10,11,12,13,14,18,19,20,21,22,23,24,25,26,27,31,32,33,34,35,36,37,38,39,40,44,45,46,47,48,49,50,51,52,53
SupLTS,SupPyrFRB,14,15,16,17,18,19,20,21,22,23,24,25,26,27,28,29,30,31,32,33,34,35,36,37,40,41,42,43,44,45,46,47,48,49,50,51,52,53,54,55,56,57,58,59,60,61,62,63,64,65,66,67,68
SupLTS,TuftedIB,13,14,15,16,17,18,19,20,21,22,23,24,25,26,27,28,29,30,31,32,33,34,38,39,40,41,42,43,44,45,46,47,48,49,50,51,52,53,54,55
SupLTS,DeepLTS,8,9,10,11,12,21,22,23,24,25,34,35,36,37,38,47,48,49,50,51
SupLTS,SpinyStellate,5,6,7,8,9,10,11,12,13,14,18,19,20,21,22,23,24,25,26,27,31,32,33,34,35,36,37,38,39,40,44,45,46,47,48,49,50,51,52,53
SupLTS,SupLTS,5,6,7,8,9,10,11,12,13,14,18,19,20,21,22,23,24,25,26,27,31,32,33,34,35,36,37,38,39,40,44,45,46,47,48,49,50,51,52,53
SupLTS,SupBasket,5,6,7,8,9,10,11,12,13,14,18,19,20,21,22,23,24,25,26,27,31,32,33,34,35,36,37,38,39,40,44,45,46,47,48,49,50,51,52,53
SupBasket,SupPyrRS,1,2,3,4,5,6,7,8,9,38,39
SupBasket,SupAxoaxonic,5,6,7,8,9,10,18,19,20,21,22,23,31,32,33,34,35,36,44,45,46,47,48,49
SupBasket,SupPyrFRB,1,2,3,4,5,6,7,8,9,38,39
SupBasket,SpinyStellate,1,2,15,28,41
SupBasket,SupLTS,5,6,7,8,9,10,18,19,20,21,22,23,31,32,33,34,35,36,44,45,46,47,48,49
SupBasket,SupBasket,5,6,7,8,9,10,18,19,20,21,22,23,31,32,33,34,35,36,44,45,46,47,48,49
nRT,TCR,1,2,15,28,41,54,67,80,93,106,119
nRT,nRT,1,2,3,4,5,6,7,8,9,10,11,12,13,14,15,16,17,18,19,20,21,22,23,24,25,26,27,28,29,30,31,32,33,34,35,36,37,38,39,40,41,42,43,44,45,46,47,48,49,50,51,52,53
